3.14159265358979
3238462643383279
5028841971693993
7510582097494459
2307816406286208
9986280348253421
1706798214808651
3282306647093844
6095505822317253
5940812848111745
0284102701938521
1055596446229489
5493038196442881
0975665933446128
4756482337867831
6527120190914564
8566923460348610
4543266482133936
0726024914127372
4587006606315588
1748815209209628
2925409171536436
7892590360011330
5305488204665213
8414695194151160
9433057270365759
5919530921861173
8193261179310511
8548074462379962
7495673518857527
2489122793818301
1949129833673362
4406566430860213
9494639522473719
0702179860943702
7705392171762931
7675238467481846
7669405132000568
1271452635608277
8577134275778960
9173637178721468
4409012249534301
4654958537105079
2279689258923542
0199561121290219
6086403441815981
3629774771309960
5187072113499999
9837297804995105
9731732816096318
5950244594553469
0830264252230825
3344685035261931
1881710100031378
3875288658753320
8381420617177669
1473035982534904
2875546873115956
2863882353787593
7519577818577805
3217122680661300
1927876611195909
2164201989380952
5720106548586327
8865936153381827
9682303019520353
0185296899577362
2599413891249721
7752834791315155
7485724245415069
5950829533116861
7278558890750983
8175463746493931
9255060400927701
6711390098488240
1285836160356370
7660104710181942
9555961989467678
3744944825537977
4726847104047534
6462080466842590
6949129331367702
8989152104752162
0569660240580381
5019351125338243
0035587640247496
4732639141992726
0426992279678235
4781636009341721
6412199245863150
3028618297455570
6749838505494588
5869269956909272
1079750930295532
1165344987202755
9602364806654991
1988183479775356
6369807426542527
8625518184175746
7289097777279380
0081647060016145
2491921732172147
7235014144197356
8548161361157352
5521334757418494
6843852332390739
4143334547762416
8625189835694855
6209921922218427
2550254256887671
7904946016534668
0498862723279178
6085784383827967
9766814541009538
8378636095068006
4225125205117392
9848960841284886
2694560424196528
5022210661186306
7442786220391949
4504712371378696
0956364371917287
4677646575739624
1389086583264599
5813390478027590